100 1
0 21 19
0 41 11
0 48 11
0 50 24
0 55 24
0 72 16
0 80 22
1 5 24
1 9 24
1 16 5
1 22 13
1 34 5
1 36 2
1 37 14
1 48 9
1 52 25
1 53 15
1 56 14
1 57 6
1 68 12
1 71 20
2 6 2
2 7 2
2 10 23
2 15 0
2 20 22
2 23 24
2 24 7
2 35 24
2 40 17
2 43 25
2 44 20
2 46 16
2 83 24
2 87 11
2 88 24
2 99 12
3 2 8
3 6 13
3 12 6
3 16 18
3 27 2
3 29 17
3 30 21
3 46 13
3 63 4
3 74 12
3 80 8
3 87 12
3 91 18
3 96 6
3 97 25
4 7 9
4 9 2
4 15 14
4 37 23
4 39 2
4 56 3
4 59 7
4 71 5
5 6 2
5 35 25
5 42 4
5 49 1
5 61 14
5 72 12
5 78 2
6 0 24
6 26 24
6 27 24
6 39 9
6 54 6
6 60 12
6 79 3
6 82 12
6 84 5
6 85 21
6 87 12
6 93 22
6 95 16
7 8 6
7 34 0
7 37 2
7 47 7
7 65 17
7 69 16
7 70 17
7 71 14
7 88 12
7 93 22
8 0 23
8 18 13
8 40 24
8 55 16
8 56 3
8 81 16
8 84 6
8 88 9
8 90 18
8 94 1
8 98 25
9 2 9
9 7 4
9 13 0
9 23 1
9 40 19
9 48 20
9 49 25
9 50 17
9 51 0
9 63 4
9 86 5
9 87 22
9 97 21
10 11 6
10 24 17
10 33 9
10 42 2
10 47 24
10 80 12
11 14 17
11 15 5
11 27 4
11 33 24
11 40 7
11 65 11
11 68 24
11 77 8
12 1 24
12 2 24
12 34 11
12 40 10
12 58 5
12 59 0
12 74 20
12 78 6
12 91 10
12 97 2
13 1 17
13 4 0
13 11 25
13 14 25
13 17 14
13 25 16
13 38 22
13 58 5
13 63 25
13 66 6
13 70 4
13 83 7
13 98 18
14 8 23
14 16 14
14 36 3
14 37 6
14 46 25
14 58 24
14 74 0
14 94 0
15 11 20
15 12 20
15 14 1
15 21 9
15 24 18
15 31 13
15 32 7
15 34 17
15 38 9
15 47 2
15 49 23
15 65 15
15 82 23
15 91 19
15 96 13
15 99 1
16 24 25
16 33 8
16 43 22
16 46 3
16 50 15
16 54 22
16 63 13
16 74 18
16 79 6
16 82 4
16 84 2
16 96 9
16 97 8
17 42 18
17 63 21
17 64 3
18 3 25
18 25 10
18 36 6
18 43 5
18 63 24
18 81 7
18 84 6
19 0 17
19 20 2
19 30 2
19 36 23
19 43 9
19 48 15
19 58 22
19 67 10
19 76 9
19 83 21
19 93 11
20 0 18
20 5 17
20 8 21
20 22 24
20 39 9
20 45 4
20 57 24
20 61 3
20 76 13
20 81 13
20 84 1
20 87 16
20 93 21
21 5 6
21 11 18
21 31 20
21 33 20
21 51 22
21 52 25
21 54 20
21 65 7
21 72 2
21 82 3
21 99 8
22 2 17
22 40 22
22 41 2
22 43 2
22 70 1
23 17 0
23 19 0
23 29 16
23 39 10
23 46 18
23 47 12
23 54 11
23 70 3
23 76 6
23 82 20
23 95 3
24 4 0
24 5 0
24 7 23
24 26 4
24 31 24
24 33 19
24 42 13
24 56 7
24 61 3
24 76 15
24 94 5
24 98 21
25 4 11
25 7 13
25 12 17
25 13 25
25 34 1
25 35 9
25 45 14
25 56 1
25 61 5
25 64 9
25 66 22
25 99 1
26 1 24
26 3 1
26 6 12
26 18 0
26 23 15
26 33 13
26 34 4
26 36 5
26 52 8
26 62 0
26 66 5
26 67 1
26 76 10
26 80 11
26 99 9
27 9 2
27 17 25
27 23 1
27 24 1
27 30 15
27 32 24
27 46 22
27 50 9
27 53 12
27 57 2
27 62 0
27 64 15
27 86 9
27 89 2
27 94 18
28 9 4
28 10 6
28 25 6
28 29 6
28 32 11
28 36 1
28 52 3
28 59 3
28 61 3
28 65 3
28 96 4
28 97 15
29 28 8
29 33 17
29 39 6
29 50 22
29 55 6
29 69 22
29 76 8
29 85 17
29 96 25
29 99 15
30 0 1
30 13 16
30 18 16
30 23 14
30 34 3
30 45 18
30 47 3
30 65 9
30 67 17
30 71 10
30 88 25
31 3 10
31 12 24
31 13 15
31 14 18
31 17 3
31 19 20
31 39 5
31 41 23
31 51 23
31 54 5
31 79 2
31 81 14
31 85 9
32 3 12
32 8 17
32 12 4
32 39 1
32 42 12
32 53 13
32 60 7
32 79 17
32 92 21
32 93 24
32 98 15
33 0 17
33 1 16
33 9 8
33 20 18
33 25 3
33 26 1
33 31 17
33 42 22
33 65 6
33 75 10
33 78 19
33 80 13
33 83 6
33 93 24
34 12 4
34 31 10
34 36 12
34 37 14
34 43 24
34 46 9
34 56 5
34 89 12
35 17 16
35 25 4
35 33 3
35 34 25
35 42 8
35 43 15
35 62 4
35 72 3
35 74 2
35 87 13
36 16 7
36 38 3
36 41 8
36 44 24
36 53 5
36 61 13
36 62 14
36 64 22
36 79 2
36 80 19
36 95 23
37 1 22
37 2 5
37 64 15
37 65 15
37 88 2
37 99 15
38 4 16
38 14 4
38 33 12
38 35 12
38 36 18
38 44 2
38 61 6
38 70 16
38 78 13
38 87 22
39 2 21
39 6 2
39 8 7
39 14 7
39 21 19
39 34 15
39 36 23
39 47 0
39 49 22
39 52 23
39 62 4
39 69 18
39 85 16
39 90 19
40 6 13
40 7 13
40 12 25
40 17 18
40 23 1
40 47 25
40 55 7
40 77 19
40 96 10
41 1 10
41 10 5
41 16 2
41 25 22
41 53 16
41 57 16
41 61 10
41 65 3
41 69 10
41 72 1
41 78 6
41 81 1
41 88 6
42 2 7
42 9 11
42 24 24
42 36 8
42 48 0
42 49 16
42 55 5
42 56 6
42 71 17
42 93 2
42 98 17
43 13 25
43 14 1
43 51 1
43 60 16
43 66 2
43 90 2
44 12 12
44 18 4
44 23 22
44 29 15
44 31 20
44 39 5
44 40 23
44 41 4
44 46 19
44 49 6
44 55 8
44 64 9
44 65 5
44 67 3
45 8 14
45 12 4
45 41 19
45 64 0
45 90 11
45 91 23
46 21 5
46 33 19
46 34 10
46 47 25
46 59 9
46 61 4
46 71 7
47 3 8
47 4 23
47 17 1
47 23 21
47 26 5
47 29 17
47 40 17
47 42 21
47 78 20
47 80 4
47 83 21
47 84 13
47 99 4
48 4 8
48 14 24
48 19 15
48 20 19
48 22 15
48 32 24
48 45 24
48 61 11
48 67 3
48 68 9
48 69 17
48 82 15
48 87 6
48 93 17
48 98 2
49 5 12
49 29 8
49 33 7
49 37 23
49 38 17
49 41 9
49 47 3
49 64 19
49 70 5
49 77 5
49 80 7
49 82 22
49 83 1
50 10 18
50 26 15
50 65 6
50 84 18
50 95 13
50 96 13
51 3 10
51 5 18
51 9 22
51 17 4
51 27 15
51 28 8
51 33 18
51 38 24
51 46 16
51 47 12
51 58 6
51 60 14
51 62 24
51 69 22
51 83 19
51 84 10
51 92 7
51 96 23
52 11 12
52 13 23
52 14 1
52 24 1
52 45 21
52 46 15
53 1 8
53 4 2
53 6 18
53 44 12
53 54 1
53 57 21
53 60 20
53 73 6
53 87 21
53 90 20
54 3 22
54 5 6
54 27 4
54 40 8
54 42 8
54 43 9
54 60 11
54 73 16
54 88 21
54 97 4
55 31 25
55 48 7
55 54 11
55 56 23
55 66 1
55 71 0
55 74 11
55 78 0
55 84 19
55 88 22
55 99 0
56 6 0
56 12 3
56 16 19
56 26 8
56 29 15
56 32 19
56 60 22
56 67 7
56 78 5
56 79 10
57 6 5
57 32 20
57 36 0
57 42 18
57 51 5
57 65 11
57 66 5
57 71 0
57 85 25
57 86 8
57 92 14
57 99 0
58 3 7
58 4 21
58 18 12
58 19 5
58 36 0
58 38 0
58 47 21
58 49 20
58 53 17
58 70 2
58 80 9
58 83 8
58 97 11
58 99 0
59 2 1
59 5 15
59 7 22
59 40 7
59 41 14
59 47 17
59 48 8
59 63 1
59 65 11
59 68 3
59 92 25
59 93 25
59 96 4
60 16 8
60 17 2
60 36 12
60 45 8
60 46 6
60 48 7
60 61 16
60 70 15
61 1 3
61 7 21
61 14 6
61 16 1
61 45 15
61 48 21
61 64 0
61 70 7
61 72 15
61 73 0
61 87 1
61 96 8
62 4 11
62 6 15
62 12 16
62 16 7
62 26 2
62 35 22
62 39 17
62 54 20
62 66 12
62 69 24
62 71 25
62 75 16
62 83 20
62 99 8
63 19 16
63 40 15
63 42 8
63 50 3
63 59 16
63 61 12
63 72 11
63 77 4
63 81 15
63 88 24
63 92 15
63 96 5
63 99 23
64 1 2
64 24 22
64 46 13
64 54 21
64 57 8
64 60 17
64 63 8
64 72 7
64 73 23
64 79 24
64 88 3
65 0 14
65 17 14
65 21 12
65 27 14
65 40 17
65 85 0
65 91 8
65 92 13
66 12 3
66 13 8
66 23 1
66 26 11
66 63 7
66 65 2
66 79 17
66 83 25
66 93 13
66 98 9
67 3 9
67 11 22
67 12 17
67 14 2
67 29 6
67 33 4
67 49 16
67 53 3
67 54 13
67 69 2
67 71 13
67 82 17
67 84 15
67 85 1
67 95 7
68 10 13
68 20 17
68 30 0
68 34 11
68 39 0
68 42 17
68 53 12
68 69 25
69 7 3
69 9 18
69 10 10
69 20 13
69 35 24
69 47 5
69 58 19
69 82 20
69 99 13
70 3 10
70 15 14
70 17 20
70 21 5
70 23 20
70 40 24
70 45 3
70 51 4
70 69 8
70 71 19
70 76 23
70 80 18
70 85 17
70 88 19
71 9 10
71 13 10
71 18 0
71 23 19
71 24 17
71 25 18
71 39 23
71 54 14
71 67 23
71 79 9
71 95 21
72 7 10
72 11 14
72 41 23
72 42 19
72 49 18
72 77 1
73 2 24
73 13 22
73 19 11
73 31 9
73 39 7
73 44 12
73 72 24
73 87 4
73 90 5
74 1 21
74 15 4
74 19 10
74 29 3
74 30 24
74 31 7
74 39 19
74 40 18
74 45 20
74 53 15
74 54 6
74 58 23
74 81 19
74 88 23
74 90 4
74 92 18
74 94 0
74 97 7
75 0 6
75 2 21
75 4 24
75 8 25
75 15 10
75 24 0
75 50 4
75 86 18
76 14 13
76 21 13
76 32 25
76 52 25
76 53 2
76 55 21
76 57 13
76 63 15
76 66 13
76 67 5
76 75 13
76 80 22
76 81 0
76 82 2
76 88 17
76 93 23
77 0 2
77 4 13
77 10 3
77 20 20
77 38 12
77 41 2
77 42 21
77 52 19
77 73 20
77 80 22
77 81 3
77 90 12
78 1 19
78 15 19
78 17 3
78 39 9
78 71 1
78 77 11
78 85 10
78 90 24
78 94 14
78 98 4
79 5 21
79 6 14
79 26 13
79 29 3
79 37 18
79 41 1
79 48 23
79 66 17
79 70 2
79 92 6
80 2 3
80 14 14
80 25 18
80 48 9
80 73 9
80 98 19
81 2 0
81 63 12
81 67 19
81 85 9
81 99 12
82 1 8
82 15 18
82 24 7
82 31 3
82 38 2
82 52 23
82 64 9
82 66 6
82 73 24
82 79 9
82 80 4
82 94 2
82 98 4
83 11 10
83 22 4
83 38 25
83 49 13
83 64 4
83 68 8
83 80 1
83 82 14
83 97 20
84 15 16
84 16 0
84 19 3
84 31 19
84 36 9
84 43 15
84 47 0
84 48 13
84 53 5
84 57 14
84 60 8
84 64 9
85 4 21
85 5 20
85 11 4
85 32 13
85 39 15
85 56 18
85 58 11
85 61 24
85 71 18
86 9 9
86 21 24
86 25 5
86 33 12
86 35 9
86 71 8
86 91 10
86 98 13
87 15 3
87 35 12
87 39 5
87 56 20
87 60 17
87 64 19
87 76 11
87 82 20
87 95 1
88 2 22
88 6 5
88 17 11
88 19 11
88 25 1
88 30 9
88 33 8
88 35 3
88 39 0
88 47 12
88 54 14
88 58 22
88 78 17
88 82 9
88 89 7
89 5 16
89 7 5
89 19 3
89 30 7
89 47 1
89 57 24
89 67 1
89 84 23
89 87 4
89 95 7
90 14 10
90 19 15
90 29 20
90 31 7
90 39 24
90 43 16
90 48 8
90 63 4
90 68 12
90 72 25
90 75 12
90 85 20
90 95 10
91 4 8
91 5 8
91 7 3
91 16 5
91 23 17
91 30 19
91 57 8
91 61 18
91 72 21
91 86 11
91 87 2
91 89 23
92 12 1
92 31 5
92 43 6
92 56 14
92 58 1
92 60 21
92 65 25
92 85 11
92 99 13
93 17 9
93 36 2
93 50 6
93 63 8
93 87 20
93 94 12
93 97 4
94 18 21
94 31 6
94 41 14
94 53 5
94 66 12
94 75 16
94 82 25
94 89 22
94 93 17
95 8 11
95 10 25
95 14 6
95 18 16
95 33 4
95 51 19
95 80 4
96 4 25
96 50 4
96 61 8
96 70 6
96 74 15
96 78 8
96 88 2
97 3 21
97 10 3
97 12 1
97 24 25
97 31 19
97 46 1
97 50 4
97 53 0
97 55 10
97 58 14
97 59 1
97 62 15
97 70 13
97 72 21
97 78 25
97 85 3
97 99 0
98 4 25
98 5 7
98 10 16
98 32 2
98 39 8
98 40 22
98 41 5
98 75 5
98 76 3
98 91 21
99 25 3
99 28 0
99 43 18
99 56 5
99 68 7
99 84 16
99 93 21
99 98 2
