100 1
0 24 18
0 27 24
0 31 12
0 32 10
0 38 14
0 43 6
0 69 10
0 78 19
0 79 0
0 86 19
1 2 19
1 24 0
1 26 20
1 27 20
1 44 12
1 45 24
1 53 3
1 56 10
1 63 25
1 64 20
1 65 16
1 72 24
1 85 22
1 94 9
2 0 8
2 4 8
2 24 0
2 25 8
2 26 12
2 32 20
2 33 9
2 41 15
2 42 15
2 46 3
2 48 17
2 70 15
2 74 7
2 82 19
2 90 5
3 18 6
3 19 19
3 35 1
3 38 1
3 46 6
3 52 22
3 53 6
3 56 8
3 64 2
3 96 5
4 9 20
4 31 17
4 43 10
4 50 13
4 54 1
4 58 5
4 60 15
4 61 13
4 62 7
4 64 12
4 68 8
4 85 10
4 86 23
4 95 7
5 8 4
5 9 9
5 10 11
5 17 22
5 25 13
5 34 19
5 35 5
5 56 21
5 64 20
5 72 15
5 76 15
5 81 14
6 16 19
6 23 12
6 24 2
6 26 19
6 33 12
6 35 4
6 40 11
6 43 5
6 44 12
6 45 3
6 47 12
6 53 11
6 65 0
6 79 24
6 84 10
7 3 16
7 8 12
7 10 1
7 19 22
7 50 24
7 64 24
7 92 25
8 3 5
8 4 5
8 5 11
8 7 1
8 15 18
8 16 5
8 18 20
8 24 2
8 25 14
8 36 9
8 40 25
8 49 10
8 54 14
8 56 3
8 58 3
8 72 25
8 81 10
8 84 3
8 92 12
8 98 12
9 1 20
9 5 7
9 30 16
9 41 2
9 44 25
9 47 2
9 52 23
9 54 12
9 80 22
9 84 3
9 85 22
9 93 24
9 94 7
10 5 24
10 14 17
10 19 25
10 24 19
10 26 25
10 64 24
10 68 11
10 69 24
10 80 12
10 89 4
10 92 24
10 96 11
10 97 24
11 3 11
11 10 21
11 13 8
11 17 4
11 20 13
11 38 18
11 49 2
11 55 24
11 64 2
11 73 13
11 90 4
11 94 7
12 2 12
12 10 16
12 15 8
12 22 6
12 23 25
12 26 25
12 28 14
12 30 9
12 36 2
12 37 17
12 39 25
12 64 23
12 66 2
12 72 10
12 76 12
12 88 3
12 91 7
12 98 10
13 2 25
13 16 3
13 25 7
13 40 5
13 74 2
13 81 8
13 93 15
14 9 22
14 21 19
14 29 8
14 37 13
14 50 25
14 62 0
14 70 1
14 74 1
14 86 14
14 88 14
15 8 12
15 41 19
15 63 19
15 72 4
15 78 25
15 81 24
15 90 11
15 98 9
16 13 6
16 26 9
16 28 4
16 30 12
16 31 4
16 42 22
16 44 22
16 47 22
16 49 16
16 57 6
16 67 7
16 77 1
16 91 5
17 22 4
17 28 0
17 44 7
17 74 23
17 80 6
17 89 17
17 91 20
18 13 19
18 16 6
18 19 20
18 21 17
18 22 5
18 38 3
18 52 9
18 55 19
18 89 24
19 10 16
19 15 16
19 44 16
19 50 9
19 52 18
19 62 2
19 77 11
19 83 3
19 86 0
19 87 3
19 97 24
20 5 16
20 16 9
20 23 4
20 27 18
20 38 19
20 40 8
20 41 18
20 42 3
20 45 11
20 46 24
20 62 4
20 85 16
20 92 23
20 94 19
21 24 16
21 32 6
21 34 9
21 50 24
21 83 12
22 7 17
22 39 16
22 44 9
22 55 2
22 60 24
22 72 9
22 88 24
23 21 12
23 34 21
23 45 2
23 46 2
23 48 19
23 75 17
23 79 2
23 81 4
24 29 4
24 31 8
24 43 24
24 52 2
24 60 7
24 68 25
24 85 11
24 88 24
24 97 8
25 4 24
25 36 24
25 45 24
25 50 24
26 10 6
26 24 12
26 25 17
26 31 12
26 35 12
26 51 10
26 55 11
26 59 24
26 60 2
26 62 22
26 70 2
26 74 6
26 80 23
26 82 15
26 83 23
26 88 25
26 95 16
27 0 10
27 6 7
27 11 16
27 25 5
27 33 5
27 53 5
27 58 25
27 91 6
27 97 4
27 99 7
28 3 4
28 11 7
28 22 18
28 37 23
28 41 23
28 43 23
28 47 14
28 49 5
28 51 5
28 53 14
28 66 3
28 73 23
29 4 13
29 20 3
29 24 24
29 30 5
29 35 8
29 39 8
29 44 0
29 64 0
29 81 20
29 92 9
29 95 18
29 99 23
30 6 23
30 14 3
30 21 10
30 28 15
30 38 23
30 41 10
30 48 13
30 49 13
30 50 7
30 51 1
30 56 24
30 70 2
30 72 23
30 95 15
31 12 23
31 18 5
31 23 15
31 24 18
31 27 19
31 37 13
31 40 1
31 64 25
31 72 8
31 86 25
31 94 8
31 97 23
32 6 8
32 21 24
32 26 5
32 30 22
32 55 13
32 58 13
32 63 6
32 67 4
32 69 2
32 71 23
32 74 6
32 78 25
32 81 2
32 91 7
32 92 8
33 37 18
33 45 3
33 66 12
33 73 14
33 84 21
33 90 7
33 99 25
34 25 8
34 39 11
34 41 11
34 44 18
34 48 0
34 64 10
34 69 11
34 77 6
34 81 18
35 5 18
35 12 5
35 24 10
35 40 7
35 51 7
35 71 17
35 72 7
35 95 5
36 5 24
36 12 21
36 33 13
36 34 17
36 39 3
36 45 7
36 58 9
36 60 21
36 76 22
36 86 22
36 95 10
37 4 9
37 13 1
37 16 9
37 21 9
37 38 12
37 52 11
37 59 18
37 65 17
37 68 8
37 90 15
38 2 15
38 9 11
38 14 11
38 20 9
38 24 18
38 29 9
38 33 18
38 50 24
38 54 3
38 70 13
38 73 0
38 74 21
38 85 13
38 88 0
38 94 11
38 96 1
39 3 21
39 9 6
39 17 19
39 41 20
39 59 22
39 63 3
39 65 20
39 83 22
39 90 1
39 91 2
39 96 20
40 14 22
40 22 22
40 29 1
40 30 16
40 33 16
40 34 24
40 36 7
40 44 2
40 49 2
40 54 22
40 56 3
40 73 8
40 76 17
41 15 22
41 17 22
41 23 10
41 24 10
41 49 22
41 80 1
41 91 4
41 93 17
42 3 20
42 6 20
42 29 1
42 31 16
42 32 22
42 43 3
42 60 0
42 78 4
42 87 10
43 6 4
43 8 4
43 13 10
43 14 8
43 17 1
43 28 11
43 36 12
43 39 3
43 53 14
43 59 20
43 73 12
43 83 0
43 85 6
43 98 17
44 10 12
44 11 1
44 13 0
44 14 18
44 23 24
44 33 4
44 38 24
44 40 19
44 50 13
44 52 13
44 66 7
44 71 3
44 86 15
45 4 5
45 35 5
45 44 12
45 52 4
45 68 9
45 84 12
45 98 7
46 10 22
46 11 1
46 12 6
46 20 14
46 31 1
46 39 13
46 40 1
46 45 5
46 50 0
46 68 5
46 80 18
46 84 8
46 87 0
46 88 2
46 89 18
47 17 1
47 29 1
47 31 24
47 36 12
47 42 11
47 45 18
47 51 5
47 60 0
47 66 0
47 84 4
47 86 5
48 2 8
48 4 11
48 9 11
48 14 13
48 21 13
48 25 3
48 26 9
48 28 1
48 29 8
48 33 11
48 64 2
48 65 18
48 76 20
48 85 25
48 87 18
49 2 1
49 8 23
49 29 18
49 43 18
49 56 9
49 58 22
49 66 7
49 70 13
49 76 0
49 79 15
50 11 2
50 12 9
50 26 9
50 45 4
50 64 6
50 88 11
50 95 17
50 96 1
51 12 3
51 14 11
51 17 17
51 19 4
51 30 3
51 43 3
51 45 3
51 56 3
51 87 4
51 93 2
52 12 15
52 28 8
52 48 17
52 85 17
52 91 6
52 92 6
53 6 18
53 8 12
53 16 19
53 20 11
53 26 6
53 48 8
53 58 17
53 69 25
53 84 15
53 98 25
54 13 15
54 14 1
54 20 8
54 21 15
54 41 19
54 50 16
54 68 15
54 69 19
54 97 3
54 99 3
55 8 19
55 10 11
55 19 13
55 20 20
55 40 9
55 46 13
55 58 25
55 73 10
55 83 24
55 97 10
56 7 24
56 16 24
56 25 3
56 30 25
56 52 23
56 57 23
56 66 5
56 91 2
56 93 14
57 18 2
57 19 16
57 21 14
57 42 12
57 67 10
57 76 10
57 98 10
58 0 12
58 3 12
58 16 11
58 19 10
58 21 12
58 22 0
58 35 13
58 63 17
58 76 21
58 78 15
58 88 22
58 97 2
58 99 1
59 12 6
59 26 10
59 40 10
59 41 7
59 43 10
59 44 6
59 46 2
59 63 16
59 70 4
59 77 4
59 79 8
59 80 8
59 89 18
59 94 3
59 96 3
59 97 3
60 0 17
60 4 10
60 7 3
60 8 12
60 39 6
60 42 16
60 57 19
60 71 10
60 74 19
60 78 19
60 83 6
60 93 24
61 12 4
61 19 0
61 31 10
61 35 10
61 46 10
61 51 0
61 56 12
61 57 15
61 58 14
61 62 7
61 64 19
61 78 5
62 28 12
62 29 8
62 32 12
62 37 20
62 48 4
62 53 16
62 61 4
62 71 11
62 80 3
62 97 22
63 0 5
63 22 3
63 44 13
63 46 6
63 62 13
63 98 7
64 2 14
64 11 18
64 32 8
64 37 7
64 43 17
64 51 23
64 58 5
64 75 13
64 76 14
64 79 14
64 81 22
64 84 5
64 87 2
64 94 7
65 4 6
65 5 6
65 17 23
65 20 23
65 33 9
65 52 11
65 59 18
66 2 15
66 37 2
66 53 2
66 57 5
66 58 0
66 81 13
66 88 4
66 99 4
67 18 12
67 20 4
67 37 12
67 51 16
67 59 13
67 60 18
67 70 12
67 72 5
68 3 16
68 6 16
68 15 22
68 25 1
68 48 18
68 58 21
68 77 15
68 84 2
68 98 22
69 0 10
69 10 0
69 13 22
69 21 15
69 23 23
69 28 0
69 30 18
69 32 2
69 37 17
69 39 11
69 47 19
69 63 4
69 71 18
69 87 16
69 92 19
70 8 13
70 12 13
70 15 19
70 30 13
70 31 14
70 35 14
70 37 22
70 42 23
70 45 18
70 66 25
70 75 7
70 97 19
71 15 6
71 38 19
71 52 0
71 53 16
71 57 1
71 75 14
71 81 17
71 86 10
72 24 16
72 28 10
72 36 16
72 38 16
72 42 10
72 49 24
72 57 23
72 58 5
72 60 1
72 66 6
72 69 1
72 77 6
72 91 7
72 96 18
72 98 8
73 8 0
73 10 24
73 29 24
73 36 23
73 42 24
73 46 17
73 60 0
73 62 2
73 76 8
73 85 24
73 92 23
73 98 24
74 2 8
74 11 24
74 20 7
74 21 22
74 30 6
74 41 5
74 42 6
74 57 17
74 58 12
74 67 8
74 68 11
74 71 1
74 81 10
74 87 25
74 90 25
74 92 8
74 99 4
75 7 4
75 9 5
75 10 21
75 12 1
75 14 15
75 22 17
75 24 16
75 31 17
75 33 16
75 39 5
75 47 5
75 63 2
75 86 12
75 87 21
75 93 17
75 99 24
76 3 12
76 4 25
76 25 4
76 40 13
76 57 13
76 62 0
76 73 25
76 75 5
76 77 23
76 79 5
76 83 19
76 85 6
76 91 8
76 96 9
76 97 5
76 99 3
77 40 14
77 50 23
77 85 14
77 93 13
77 95 4
77 98 15
78 35 19
78 57 25
78 58 4
78 69 15
78 70 18
78 80 2
78 92 6
79 4 11
79 6 23
79 40 5
79 45 11
79 59 5
79 65 5
79 68 11
79 71 4
79 86 22
79 93 14
79 99 19
80 9 17
80 21 25
80 25 25
80 26 25
80 38 9
80 53 3
80 58 7
80 87 4
81 0 4
81 2 0
81 10 4
81 12 7
81 14 4
81 22 9
81 31 24
81 34 7
81 36 13
81 40 2
81 52 5
81 66 22
81 74 17
81 76 21
82 12 20
82 19 25
82 28 9
82 41 20
82 60 23
82 64 23
82 70 13
82 74 20
82 76 21
82 85 13
82 89 20
82 91 10
82 94 4
83 0 21
83 11 23
83 12 8
83 22 6
83 24 24
83 29 18
83 30 8
83 33 16
83 58 24
83 78 24
83 94 11
84 0 3
84 15 3
84 19 9
84 35 6
84 41 17
84 48 6
84 54 5
84 56 17
84 60 5
84 87 8
85 7 23
85 21 7
85 26 20
85 27 9
85 29 19
85 50 19
85 59 19
85 65 5
85 72 5
86 5 18
86 15 14
86 27 14
86 55 18
86 64 6
86 91 6
87 16 18
87 22 22
87 38 22
87 46 22
87 48 0
87 52 0
87 53 15
87 62 10
87 82 4
87 93 4
88 3 15
88 4 4
88 12 15
88 22 1
88 23 24
88 42 16
88 47 14
88 53 6
88 55 14
88 57 24
88 64 22
88 67 24
88 75 16
88 80 14
88 86 6
88 89 14
88 91 18
89 6 14
89 11 17
89 12 6
89 15 22
89 32 19
89 48 23
89 63 12
89 70 18
89 82 1
89 93 18
90 5 1
90 15 1
90 25 11
90 26 11
90 30 3
90 78 8
90 81 6
90 82 2
90 83 22
90 84 15
90 99 16
91 4 6
91 10 18
91 44 13
91 58 13
91 72 12
91 79 12
91 88 2
91 94 1
91 96 1
92 0 20
92 3 14
92 20 21
92 28 16
92 31 20
92 46 6
92 47 16
92 50 20
92 63 2
92 66 2
92 82 22
92 85 11
92 89 25
93 12 4
93 13 25
93 14 23
93 16 19
93 20 4
93 45 8
93 62 11
93 75 16
93 90 21
94 22 21
94 31 13
94 34 21
94 56 19
94 68 25
94 69 1
94 73 15
94 87 11
95 2 1
95 4 7
95 7 23
95 15 14
95 19 10
95 27 0
95 30 11
95 32 0
95 35 11
95 41 19
95 54 22
95 65 0
95 86 6
95 88 17
95 99 6
96 7 17
96 11 8
96 14 15
96 22 19
96 49 22
96 53 13
96 55 15
96 58 10
96 78 22
96 85 19
97 13 22
97 27 22
97 41 20
97 44 0
97 62 10
97 74 10
97 75 20
97 79 1
98 16 5
98 30 5
98 69 20
98 79 20
98 82 0
98 86 18
98 95 5
99 8 11
99 9 5
99 16 5
99 21 0
99 31 25
99 32 25
99 34 15
99 43 0
99 47 14
99 49 25
99 54 3
99 55 1
99 65 9
99 75 12
99 76 21
