100 1
0 15 21
0 23 20
0 29 15
0 34 14
0 36 19
0 43 12
0 55 11
0 58 5
0 59 12
0 71 11
0 74 5
0 75 12
0 81 11
0 93 0
1 8 24
1 14 24
1 19 3
1 22 16
1 30 22
1 32 16
1 40 22
1 71 24
1 82 4
1 99 5
2 7 13
2 8 11
2 10 17
2 17 18
2 18 5
2 21 12
2 26 2
2 27 14
2 33 14
2 44 9
2 48 25
2 57 10
2 62 14
2 64 3
2 77 12
2 80 20
3 15 2
3 26 16
3 41 2
3 44 2
3 49 23
3 63 20
3 75 22
3 83 24
3 84 7
3 95 17
3 99 19
4 1 25
4 12 24
4 17 17
4 19 22
4 22 16
4 31 7
4 58 24
4 62 11
4 63 24
4 77 24
4 81 11
4 82 24
4 93 12
4 96 8
5 27 13
5 28 0
5 46 18
5 63 2
5 72 21
6 7 4
6 8 16
6 19 12
6 31 12
6 37 8
6 39 8
6 43 12
6 47 18
6 52 6
6 57 25
6 66 9
6 72 2
6 78 24
6 84 24
6 86 25
6 88 15
6 95 11
7 12 23
7 15 23
7 23 2
7 29 10
7 33 12
7 34 12
7 41 7
7 53 5
7 87 2
7 94 0
8 0 19
8 9 13
8 17 22
8 25 25
8 52 25
8 55 25
8 64 0
8 72 1
8 84 14
8 96 12
9 2 2
9 14 2
9 18 17
9 22 10
9 38 19
9 50 2
9 64 24
9 82 9
9 97 6
10 22 6
10 32 6
10 35 24
10 38 20
10 40 12
10 61 3
10 64 12
10 66 5
10 74 12
10 77 16
10 89 6
11 2 7
11 29 0
11 39 0
11 40 17
11 47 5
11 56 0
11 74 7
12 3 23
12 11 23
12 17 17
12 27 19
12 30 17
12 32 17
12 33 14
12 50 12
12 51 20
12 53 1
12 89 24
13 3 16
13 20 16
13 22 16
13 50 16
13 53 6
13 63 16
13 66 6
13 70 9
13 72 18
13 79 0
13 92 2
14 4 16
14 10 16
14 18 9
14 23 18
14 34 19
14 51 20
14 52 25
14 53 17
14 54 24
14 57 20
14 58 25
14 59 17
14 60 24
14 81 4
15 4 16
15 7 23
15 17 16
15 22 23
15 24 19
15 37 17
15 42 16
15 50 6
15 52 9
15 55 21
15 56 9
15 72 24
16 5 12
16 15 24
16 26 2
16 38 21
16 53 12
16 89 2
16 91 4
17 39 4
17 51 7
17 54 1
17 55 1
17 63 25
17 67 19
17 77 11
17 80 24
17 89 8
18 16 24
18 22 24
18 88 12
18 91 5
18 96 17
19 4 12
19 12 20
19 32 12
19 34 5
19 39 17
19 53 5
19 58 17
19 66 12
19 74 20
19 81 13
19 82 20
19 86 6
19 99 10
20 3 11
20 7 24
20 8 2
20 14 2
20 18 17
20 25 23
20 32 8
20 36 25
20 43 16
20 48 10
20 49 16
20 53 11
20 54 19
20 57 7
20 66 16
20 79 22
20 99 5
21 18 5
21 25 25
21 32 16
21 39 4
21 52 7
21 54 13
21 61 7
21 76 18
21 86 23
21 94 23
21 98 23
22 2 14
22 5 5
22 6 5
22 7 14
22 20 3
22 29 23
22 60 4
22 72 3
22 76 24
22 93 0
23 13 0
23 15 0
23 17 10
23 24 6
23 37 18
23 41 23
23 45 2
23 98 15
24 20 11
24 22 23
24 26 11
24 27 11
24 33 9
24 49 2
24 51 23
24 67 15
24 84 23
24 94 23
25 3 19
25 12 13
25 18 1
25 26 24
25 38 25
25 44 8
25 48 22
25 58 24
25 64 22
25 81 13
25 92 18
25 97 6
26 1 4
26 3 2
26 15 9
26 16 8
26 61 18
26 65 22
26 74 13
26 85 18
26 90 6
26 93 0
26 96 25
27 0 19
27 3 0
27 5 25
27 10 9
27 11 8
27 56 18
27 70 12
27 82 21
28 26 25
28 31 14
28 33 4
28 35 8
28 36 10
28 59 25
28 85 8
28 86 10
28 91 11
28 98 10
29 3 11
29 5 1
29 18 1
29 39 24
29 46 7
29 47 7
29 50 6
29 57 7
29 68 7
29 73 5
29 83 24
29 90 21
29 93 2
30 12 19
30 23 9
30 24 17
30 26 15
30 34 2
30 37 23
30 44 9
30 46 21
30 62 22
30 70 22
30 79 10
30 88 9
31 4 12
31 16 12
31 29 11
31 32 17
31 44 15
31 51 17
31 63 15
31 75 15
31 77 11
31 86 11
31 93 24
32 10 9
32 19 9
32 27 4
32 43 24
32 47 3
32 60 13
32 63 0
32 64 21
32 66 16
32 71 13
32 74 0
32 75 21
32 77 16
32 83 21
32 95 6
32 98 14
33 6 19
33 9 18
33 32 20
33 52 22
33 59 1
33 66 20
33 84 22
33 91 1
33 92 16
33 93 22
34 0 1
34 1 16
34 13 7
34 21 2
34 24 5
34 27 5
34 36 22
34 38 3
34 55 8
34 56 8
34 59 15
34 62 22
34 97 22
35 3 2
35 11 14
35 20 2
35 30 20
35 53 3
35 55 22
35 64 4
35 66 17
35 76 20
35 85 23
35 98 3
36 15 0
36 23 0
36 42 4
36 54 10
36 61 18
36 65 12
36 73 11
36 89 3
36 95 6
36 98 6
37 4 20
37 17 3
37 28 3
37 33 13
37 34 20
37 47 12
37 48 1
37 49 12
37 54 9
37 59 16
37 66 24
37 77 4
37 82 24
37 84 19
37 93 13
38 7 7
38 11 20
38 18 7
38 23 7
38 28 3
38 34 5
38 39 21
38 45 11
38 47 0
38 61 5
38 65 21
38 71 11
38 73 0
38 86 17
38 90 4
39 6 9
39 14 17
39 18 4
39 36 1
39 61 1
39 66 5
39 70 0
39 80 23
39 88 11
39 90 18
39 94 0
39 95 0
39 96 0
40 29 1
40 32 5
40 34 24
40 49 18
40 54 5
40 57 18
40 62 5
40 71 0
40 76 15
40 83 23
40 93 4
40 95 5
41 11 8
41 13 11
41 20 8
41 31 3
41 32 9
41 35 9
41 44 1
41 53 10
41 57 11
41 59 24
41 64 2
41 65 18
41 76 25
41 97 1
42 2 24
42 30 18
42 43 9
42 44 18
42 56 9
42 62 9
42 65 12
42 68 7
42 72 13
42 76 0
42 78 15
43 0 9
43 3 2
43 4 13
43 18 2
43 23 18
43 33 9
43 36 2
43 41 18
43 57 4
43 63 15
43 65 4
43 83 6
43 86 11
43 93 17
43 94 1
44 10 3
44 21 17
44 25 1
44 26 4
44 37 3
44 41 3
44 49 3
44 51 3
44 91 4
45 6 19
45 10 15
45 32 17
45 40 8
45 59 5
45 77 18
45 82 20
45 84 11
45 90 6
45 97 20
45 99 11
46 5 6
46 19 22
46 29 17
46 44 1
46 68 25
46 82 16
46 99 3
47 1 22
47 5 3
47 26 3
47 32 3
47 51 9
47 68 10
47 85 25
48 0 10
48 12 10
48 23 24
48 33 18
48 36 3
48 40 3
48 42 25
48 65 23
48 75 23
48 77 23
48 84 5
49 9 2
49 19 14
49 21 14
49 25 9
49 43 12
49 50 4
49 59 10
49 81 10
49 83 12
49 87 22
49 96 18
50 0 13
50 3 0
50 9 0
50 10 16
50 22 13
50 28 1
50 51 2
50 53 1
50 66 6
50 75 7
50 77 10
50 86 6
50 88 2
51 4 16
51 5 4
51 12 4
51 18 18
51 23 3
51 24 10
51 25 3
51 27 3
51 28 3
51 42 22
51 66 6
51 68 2
51 80 10
51 83 19
51 85 13
51 88 6
51 98 24
52 4 19
52 6 13
52 16 24
52 22 4
52 29 10
52 37 4
52 44 10
52 56 10
52 62 8
52 64 10
52 70 8
52 75 0
52 89 14
52 90 1
52 98 9
53 8 5
53 11 5
53 21 2
53 25 24
53 51 12
53 85 16
53 93 4
54 2 11
54 19 11
54 26 3
54 30 25
54 37 8
54 42 8
54 48 5
54 70 4
54 80 3
54 88 3
54 90 2
54 92 6
55 5 13
55 6 6
55 17 13
55 45 7
55 76 8
56 1 8
56 8 17
56 17 23
56 20 5
56 30 13
56 33 14
56 35 22
56 50 2
56 58 7
56 60 6
56 62 9
56 63 24
56 74 23
56 80 22
56 97 9
57 50 15
57 51 18
57 82 11
58 15 2
58 27 2
58 34 0
58 56 13
58 64 4
58 84 12
58 85 18
58 94 2
59 11 6
59 15 12
59 19 18
59 28 2
59 45 6
59 63 16
59 71 13
59 82 1
60 5 18
60 25 18
60 44 2
60 57 15
60 59 23
60 61 19
60 67 22
60 74 15
60 76 23
60 89 0
60 91 22
61 7 23
61 17 4
61 24 18
61 40 16
61 45 19
61 62 13
61 63 14
61 65 25
61 75 23
61 83 23
61 93 4
62 0 18
62 12 19
62 25 16
62 26 16
62 31 19
62 46 13
62 47 14
62 49 25
62 53 25
62 60 25
62 61 23
62 65 18
62 71 1
63 2 7
63 36 6
63 40 7
63 56 19
63 75 6
63 76 20
63 84 1
63 91 15
63 94 8
64 4 14
64 20 2
64 23 2
64 60 16
64 65 10
64 72 16
64 76 10
64 80 3
64 84 10
64 88 24
64 96 23
64 97 5
65 1 6
65 2 2
65 9 6
65 11 21
65 19 7
65 21 18
65 23 8
65 33 0
65 35 24
65 42 24
65 49 23
65 55 24
65 59 8
65 71 0
65 77 8
65 85 5
65 86 6
65 94 5
65 95 6
66 10 17
66 37 7
66 46 8
66 49 2
66 58 2
66 79 25
66 81 8
66 88 4
66 91 8
66 92 4
67 21 1
67 23 1
67 29 7
67 34 16
67 40 2
67 41 5
67 66 2
67 89 12
67 90 21
67 91 25
67 92 8
68 13 4
68 32 13
68 49 13
68 53 7
68 54 13
68 56 9
68 66 5
68 67 23
68 69 4
68 72 6
68 78 8
68 87 9
68 88 5
68 90 3
69 31 14
69 68 14
70 2 19
70 29 19
70 33 23
70 37 0
70 63 11
70 74 0
71 0 11
71 9 11
71 42 5
71 49 5
71 52 11
71 55 11
71 58 4
71 73 22
71 96 17
71 97 15
72 3 25
72 4 14
72 16 9
72 18 24
72 31 3
72 36 7
72 63 4
72 73 9
72 82 13
72 86 13
72 92 2
72 96 1
73 10 13
73 12 18
73 29 22
73 47 9
73 54 20
73 55 9
73 58 7
73 76 9
73 83 20
73 91 20
74 10 23
74 17 23
74 25 13
74 29 20
74 31 21
74 38 13
74 53 4
74 58 8
74 71 24
74 85 24
74 92 15
74 93 0
75 22 24
75 38 24
75 50 24
75 57 11
75 63 3
75 67 3
75 72 17
75 86 15
75 91 6
76 0 6
76 5 15
76 11 6
76 13 5
76 15 17
76 18 5
76 46 8
76 66 23
76 67 17
76 89 23
76 90 17
76 95 9
76 97 19
77 3 3
77 11 3
77 14 19
77 17 19
77 26 19
77 40 5
77 43 7
77 45 22
77 46 1
77 72 18
77 75 14
77 83 5
77 88 15
78 28 6
78 60 6
78 73 22
78 85 22
78 87 18
78 92 22
78 94 18
79 5 13
79 12 13
79 19 10
79 39 4
79 49 15
79 59 15
79 60 17
79 68 1
79 88 17
79 97 16
80 2 14
80 5 14
80 14 22
80 25 14
80 31 6
80 39 6
80 41 14
80 43 24
80 50 22
80 51 14
80 64 19
80 65 10
80 73 7
80 83 23
80 98 12
81 5 18
81 11 14
81 12 23
81 14 1
81 27 14
81 48 21
81 65 21
82 25 8
82 29 18
82 41 6
82 42 6
82 43 2
82 44 22
82 48 18
82 83 13
82 97 12
83 2 14
83 8 14
83 13 1
83 16 0
83 33 6
83 46 21
83 56 16
83 59 20
83 72 2
83 74 2
83 91 22
83 94 11
83 98 25
84 20 4
84 33 4
84 59 8
84 77 11
84 91 16
84 96 7
85 5 21
85 7 22
85 11 21
85 21 4
85 55 25
85 57 4
85 58 25
85 66 22
85 81 7
85 91 1
86 2 6
86 13 14
86 20 0
86 21 0
86 24 11
86 25 0
86 28 16
86 30 19
86 43 22
86 56 17
86 66 6
86 74 24
86 80 8
86 83 15
86 92 19
87 19 22
87 22 8
87 29 19
87 45 12
87 51 22
87 62 22
87 69 20
87 71 1
87 84 5
87 97 10
87 98 20
88 2 1
88 3 22
88 13 5
88 19 8
88 26 5
88 29 5
88 52 20
88 55 8
88 58 0
88 72 8
88 75 0
88 93 5
88 94 5
89 6 11
89 12 0
89 18 5
89 23 0
89 39 15
89 42 15
89 48 8
89 54 14
89 61 0
89 67 0
89 71 7
89 72 3
89 73 1
89 83 9
89 94 12
89 95 21
90 28 10
90 32 13
90 39 18
90 41 3
90 48 20
90 51 17
90 54 16
90 69 2
90 89 9
90 92 0
91 12 11
91 18 20
91 19 0
91 22 16
91 28 19
91 36 17
91 38 8
91 49 1
91 61 5
91 71 7
91 74 10
92 13 18
92 20 11
92 34 4
92 38 17
92 40 17
92 48 6
92 51 11
92 64 12
92 85 5
93 2 1
93 7 4
93 12 13
93 21 3
93 23 25
93 42 5
93 56 24
93 61 2
93 86 12
93 98 24
94 3 2
94 13 15
94 14 19
94 23 1
94 36 4
94 48 23
94 51 5
94 75 13
94 86 23
94 97 25
95 5 15
95 10 11
95 13 0
95 33 21
95 44 3
95 50 0
95 57 3
95 67 22
95 69 18
95 79 6
95 84 15
95 90 8
95 92 4
95 93 4
96 27 19
96 39 2
96 54 3
96 81 0
96 82 2
96 89 21
96 97 1
96 98 17
96 99 4
97 7 8
97 15 11
97 20 7
97 34 9
97 49 11
97 54 7
97 68 9
97 76 20
97 79 4
97 92 2
98 18 11
98 22 11
98 27 12
98 35 20
98 45 15
98 53 18
98 61 24
98 65 10
98 69 24
98 71 16
98 79 23
99 35 16
99 69 18
99 71 3
99 83 8
