100 1
0 49 2
0 88 16
0 93 23
1 18 12
1 27 16
1 30 22
1 31 3
1 56 21
1 60 19
1 61 0
1 62 1
1 73 11
1 80 1
1 83 22
1 98 6
2 28 4
2 51 16
2 74 25
2 77 22
3 13 2
3 25 5
3 34 13
3 46 19
3 47 6
3 56 24
3 60 25
3 61 7
3 69 24
3 79 18
3 81 1
3 93 10
4 18 14
4 20 7
4 25 16
4 53 2
4 60 8
5 6 5
5 13 21
5 23 1
5 24 5
5 25 9
5 56 7
5 94 0
5 96 18
5 97 5
6 23 23
6 26 8
6 27 3
6 47 2
6 66 9
6 70 10
6 71 15
6 88 7
6 91 19
6 95 13
7 22 22
7 26 11
7 30 10
7 39 17
7 43 23
7 44 4
7 45 23
7 46 10
7 55 18
7 61 14
8 16 20
8 18 8
8 43 8
8 48 3
8 49 16
8 58 5
8 60 8
8 64 15
8 67 17
8 70 16
8 75 10
9 15 4
9 25 13
9 31 6
9 37 14
9 47 9
9 58 23
9 62 20
9 64 10
9 98 23
10 0 24
10 2 1
10 6 18
10 24 18
10 29 12
10 58 0
10 68 19
10 71 24
10 78 10
11 15 12
11 63 15
11 64 13
11 69 0
11 70 12
11 78 7
11 93 25
12 7 7
12 10 8
12 36 22
12 37 2
12 48 13
12 50 10
12 53 21
12 57 13
12 96 2
13 1 12
13 4 24
13 14 1
13 24 23
13 28 5
13 31 7
13 33 12
13 35 6
13 49 20
13 66 25
13 74 3
13 90 10
13 96 14
14 0 17
14 25 18
14 34 10
14 37 2
14 68 4
14 71 24
14 92 0
14 96 5
15 5 25
15 27 21
15 36 21
15 43 22
15 73 24
16 0 10
16 10 7
16 14 11
16 18 21
16 22 8
16 23 6
16 46 7
16 56 25
16 58 23
16 65 5
16 72 15
16 81 17
16 94 14
17 4 22
17 5 4
17 11 4
17 13 19
17 21 13
17 40 13
17 41 14
17 43 16
17 62 20
17 65 11
17 71 19
17 76 21
17 77 9
17 80 16
17 98 9
17 99 5
18 11 9
18 12 24
18 13 6
18 16 20
18 78 19
18 90 3
18 97 21
19 3 7
19 14 21
19 26 7
19 29 7
19 34 17
19 66 19
19 76 24
19 77 7
19 84 25
19 94 6
19 96 19
20 3 4
20 15 6
20 27 0
20 28 20
20 32 8
20 93 2
21 17 20
21 18 15
21 36 11
21 48 10
21 70 19
21 71 19
21 75 11
21 79 17
21 81 20
21 90 15
22 9 5
22 14 3
22 48 20
22 65 1
22 83 21
23 3 11
23 20 4
23 25 21
23 29 24
23 37 15
23 43 11
23 44 23
23 51 12
23 53 15
23 93 22
24 12 4
24 19 8
24 30 15
24 39 22
24 53 12
24 58 14
24 67 6
24 72 16
24 79 1
24 82 24
24 83 3
25 7 7
25 8 22
25 11 8
25 12 16
25 24 15
25 41 24
25 55 25
25 56 10
25 58 10
25 71 23
26 35 16
26 51 23
26 53 25
26 60 24
26 63 6
26 64 21
26 70 5
26 80 23
26 86 19
26 91 15
26 93 12
27 0 11
27 57 21
27 86 3
27 88 25
28 9 15
28 17 14
28 33 15
28 40 1
28 42 25
28 65 16
28 74 7
28 77 24
28 82 4
28 87 25
28 88 14
29 5 14
29 16 21
29 18 7
29 23 15
29 38 8
29 45 2
29 77 16
29 82 22
29 95 25
30 2 16
30 9 3
30 20 0
30 47 15
30 63 10
30 76 16
30 89 11
31 7 1
31 8 11
31 12 10
31 22 21
31 36 11
31 39 7
31 44 14
31 45 6
31 55 8
31 64 1
31 74 20
31 78 23
31 91 8
32 2 18
32 19 11
32 20 3
32 21 7
32 29 6
32 48 23
32 59 17
32 80 25
32 83 5
32 91 21
32 98 9
32 99 16
33 3 16
33 4 6
33 8 8
33 11 19
33 18 15
33 24 2
33 29 12
33 30 16
33 87 11
33 92 11
34 33 20
34 40 1
34 53 15
34 55 10
34 57 8
34 65 4
34 69 4
34 87 24
34 91 3
35 7 15
35 24 8
35 36 0
35 39 23
35 98 5
36 5 4
36 30 10
36 66 19
36 75 12
36 89 9
36 96 8
37 2 6
37 3 0
37 4 12
37 18 20
37 21 20
37 27 17
37 59 16
37 67 2
37 81 10
37 99 22
38 4 21
38 19 11
38 32 6
38 33 3
38 34 2
38 48 23
38 50 14
38 52 6
38 55 1
38 76 18
38 78 1
38 87 11
38 88 16
38 91 0
38 93 17
38 95 0
38 98 13
38 99 17
39 9 24
39 34 6
39 41 20
39 45 20
39 50 6
39 54 16
39 57 3
39 71 19
39 80 16
39 82 0
39 99 2
40 12 22
40 14 4
40 22 13
40 31 24
40 37 12
40 38 6
40 45 23
40 52 12
40 57 20
40 60 22
40 81 15
40 83 6
40 86 12
40 93 9
41 12 14
41 13 13
41 14 2
41 55 7
41 57 5
41 69 1
41 94 16
41 99 4
42 2 18
42 16 18
42 33 15
42 38 25
42 43 25
42 46 19
42 52 14
42 68 0
42 79 16
43 18 2
43 23 1
43 28 6
43 29 2
43 31 14
43 35 10
43 41 12
43 51 15
43 70 5
43 90 1
44 23 4
44 24 21
44 28 21
44 37 13
44 47 6
44 50 13
44 51 8
44 64 24
44 65 17
44 67 8
44 68 2
44 78 10
44 85 11
44 93 4
44 94 23
44 96 25
45 4 4
45 5 14
45 7 3
45 9 10
45 16 8
45 25 14
45 27 16
45 50 25
45 59 14
45 64 0
45 70 10
45 75 24
45 83 8
45 92 9
46 3 16
46 9 16
46 26 3
46 31 13
46 42 0
46 44 1
46 60 13
46 72 5
46 77 13
46 81 11
46 85 9
47 4 0
47 6 12
47 9 20
47 36 18
47 42 23
47 58 10
47 92 22
48 14 12
48 19 21
48 39 18
48 44 1
48 46 12
48 54 25
48 70 24
48 80 8
48 94 19
48 96 21
49 21 25
49 23 4
49 66 13
49 69 20
49 70 21
49 80 21
49 94 22
50 33 23
50 43 2
50 45 25
50 66 19
50 89 13
51 13 18
51 14 5
51 15 10
51 41 2
51 42 2
51 49 25
51 63 6
51 85 8
52 15 15
52 31 2
52 32 24
52 72 11
52 85 7
53 5 0
53 26 13
53 40 18
53 52 3
53 54 25
53 65 16
53 68 15
53 75 7
53 85 15
53 91 8
53 95 10
54 10 6
54 17 13
54 19 16
54 26 12
54 37 23
54 38 17
54 52 0
54 56 21
54 79 15
54 82 22
54 93 14
55 7 11
55 8 9
55 30 17
55 49 20
55 63 15
55 67 8
55 82 15
55 91 7
55 95 22
56 4 13
56 18 21
56 21 17
56 22 20
56 40 0
56 87 3
56 88 15
56 99 5
57 2 24
57 14 23
57 16 20
57 22 12
57 29 19
57 30 5
57 37 15
57 62 21
57 63 13
57 67 2
57 68 20
57 70 24
57 77 4
57 88 18
57 91 12
57 94 3
58 0 14
58 3 10
58 39 16
58 44 20
58 54 17
58 59 18
58 66 14
58 68 14
58 82 16
58 85 19
58 89 6
59 0 16
59 5 24
59 19 12
59 23 11
59 26 23
59 38 11
59 51 12
59 72 13
59 75 4
59 83 2
60 7 11
60 10 15
60 18 5
60 28 11
60 30 24
60 35 24
60 39 13
60 42 16
60 71 0
60 72 15
60 83 9
60 86 18
60 95 19
61 2 11
61 6 11
61 14 17
61 15 6
61 17 4
61 18 13
61 21 6
61 26 17
61 37 24
61 41 2
61 62 7
61 70 12
61 76 16
61 84 5
61 92 2
62 2 10
62 13 25
62 20 16
62 21 25
62 46 16
62 56 1
62 60 24
62 64 23
62 80 18
63 21 20
63 51 14
63 54 2
63 74 6
63 75 14
63 76 8
63 78 7
63 88 16
63 91 0
63 94 25
64 2 4
64 24 23
64 27 3
64 30 3
64 49 14
64 50 10
64 51 22
64 68 23
64 84 14
64 89 2
64 90 18
65 8 17
65 16 25
65 22 6
65 28 13
65 30 23
65 36 20
65 43 22
65 44 14
65 54 9
65 79 21
65 87 5
65 93 10
65 95 19
65 97 2
66 10 5
66 16 5
66 21 8
66 24 6
66 39 2
66 52 19
66 65 22
67 2 20
67 35 16
67 39 11
67 40 1
67 49 10
67 56 2
67 57 10
67 62 7
67 71 3
67 73 14
67 74 18
67 79 12
67 86 5
67 94 13
68 15 21
68 53 17
69 1 14
69 2 1
69 3 3
69 4 11
69 11 12
69 17 23
69 20 8
69 23 11
69 30 3
69 63 3
69 75 24
69 87 8
69 90 2
69 92 8
70 1 5
70 4 7
70 10 1
70 29 5
70 55 14
70 56 1
70 64 24
70 67 18
70 87 24
70 90 20
71 10 21
71 12 3
71 16 1
71 19 17
71 22 14
71 23 4
71 31 5
71 36 7
71 46 5
71 51 19
71 62 14
71 63 4
71 72 20
71 90 2
71 96 3
71 98 5
72 0 3
72 15 10
72 17 0
72 19 3
72 42 12
72 46 2
72 69 11
72 70 1
72 91 19
72 97 21
73 10 21
73 16 12
73 18 22
73 25 18
73 27 10
73 28 7
73 32 11
73 36 13
73 44 1
73 62 14
73 69 23
73 76 12
74 22 17
74 26 9
74 29 6
74 35 20
74 63 22
74 65 7
74 66 1
74 78 23
74 97 14
75 0 17
75 1 7
75 6 12
75 33 4
75 56 14
75 59 6
75 64 3
75 67 18
75 78 23
75 93 5
76 5 7
76 8 12
76 19 11
76 53 19
76 60 20
76 64 23
76 69 18
76 70 11
76 80 19
76 84 7
76 86 18
76 96 17
77 7 10
77 69 4
77 78 10
78 22 9
78 33 19
78 36 12
78 53 1
78 80 7
78 81 5
78 85 15
78 89 1
78 93 2
79 1 20
79 25 5
79 34 11
79 61 6
80 6 23
80 23 12
80 43 13
80 50 0
80 83 7
80 85 11
81 12 21
81 39 5
81 40 5
81 42 12
81 51 9
81 63 18
81 64 9
81 67 12
81 80 14
82 27 8
82 28 5
82 33 0
82 38 1
82 44 2
82 51 5
82 53 11
82 62 10
83 0 4
83 6 23
83 29 14
83 39 10
83 56 12
83 63 20
83 77 13
83 80 7
83 82 11
83 87 14
83 92 12
84 0 19
84 15 4
84 32 9
84 44 11
84 58 23
84 62 3
84 66 5
84 85 8
84 87 17
84 90 3
84 92 4
85 0 5
85 18 20
85 40 0
85 41 21
85 53 22
85 65 10
85 77 15
85 83 22
86 5 0
86 18 9
86 20 21
86 36 24
86 46 24
86 49 18
86 53 25
86 74 25
86 80 23
86 95 16
86 98 1
86 99 12
87 39 0
87 54 6
87 59 11
87 61 0
87 71 14
87 74 0
87 88 18
88 2 19
88 16 5
88 22 18
88 50 17
88 51 15
88 55 10
88 72 9
89 0 17
89 3 12
89 14 16
89 16 23
89 18 7
89 29 10
89 31 13
89 44 19
89 49 1
89 72 9
89 74 20
89 85 23
89 92 11
90 20 11
90 27 1
90 30 1
90 31 7
90 39 20
90 50 11
90 67 7
90 69 16
90 72 1
90 74 3
90 76 15
90 85 10
91 32 22
91 40 8
91 41 0
91 58 1
91 64 1
91 77 21
91 98 18
92 18 11
92 36 24
92 38 16
92 40 20
92 93 7
92 99 10
93 18 1
93 33 13
93 57 3
93 59 2
93 66 14
93 67 11
93 81 11
93 83 9
94 30 0
94 32 22
94 41 10
94 64 14
95 8 11
95 68 0
95 82 3
95 97 21
96 9 4
96 11 18
96 38 9
96 40 18
96 54 1
96 55 10
96 67 11
96 70 1
96 73 15
96 79 11
97 1 3
97 9 20
97 16 9
97 28 19
97 31 11
97 34 3
97 41 16
97 57 2
97 59 16
97 61 5
97 63 3
97 73 3
97 74 3
97 86 24
97 91 21
97 99 9
98 0 21
98 5 17
98 27 1
98 41 18
98 49 22
98 69 5
98 80 10
98 83 25
98 87 0
98 97 20
99 19 9
99 21 11
99 27 22
99 30 17
99 45 25
99 62 18
99 63 13
99 67 23
99 86 14
99 89 2
99 96 21
