100 1
0 2 18
0 11 21
0 13 12
0 14 19
0 21 25
0 46 14
0 50 15
0 59 17
0 65 25
0 72 6
0 87 23
1 39 24
1 45 22
1 60 20
1 69 18
2 6 24
2 9 4
2 20 18
2 21 21
2 22 25
2 29 18
2 34 6
2 42 17
2 52 25
2 61 14
2 68 4
2 77 10
2 78 8
2 89 5
2 98 19
2 99 18
3 17 7
3 22 3
3 36 6
3 45 17
3 47 0
3 51 2
3 56 20
3 71 11
3 79 23
3 82 3
3 86 10
3 89 6
4 0 25
4 3 20
4 10 1
4 18 20
4 22 11
4 44 23
4 69 25
4 74 1
4 75 0
4 82 17
4 91 20
4 95 3
4 98 13
5 3 14
5 4 9
5 6 17
5 22 2
5 27 7
5 32 24
5 33 21
5 36 19
5 46 6
5 69 6
5 70 19
5 82 13
5 87 1
5 91 19
6 4 1
6 11 22
6 13 22
6 14 12
6 16 20
6 22 19
6 25 2
6 57 20
6 72 19
6 74 20
6 90 5
6 94 20
7 1 22
7 34 8
7 40 18
7 57 10
7 59 1
7 60 1
7 61 11
7 75 15
7 76 13
7 77 13
7 78 20
7 82 12
7 83 0
8 10 19
8 16 23
8 18 23
8 27 18
8 40 4
8 52 6
8 55 21
8 59 12
8 81 22
8 84 10
8 96 19
9 0 5
9 18 21
9 23 0
9 29 14
9 53 19
9 69 11
9 72 5
9 73 12
9 79 11
9 81 16
9 92 10
10 12 16
10 17 22
10 47 4
10 59 13
10 71 5
10 74 12
10 76 2
10 87 9
10 91 25
10 96 14
10 98 3
11 12 12
11 44 2
11 50 23
11 68 22
11 76 24
11 77 0
11 81 25
11 82 20
11 84 16
11 87 0
11 88 22
11 89 4
11 92 20
11 94 16
12 32 24
12 50 12
12 52 8
12 54 4
12 57 13
12 59 6
12 71 6
12 79 21
12 95 7
12 96 12
12 99 5
13 6 9
13 19 24
13 22 15
13 39 3
13 47 23
13 55 23
13 57 2
13 64 10
13 68 12
13 80 3
13 83 7
13 95 5
14 30 2
14 35 25
14 63 15
14 65 20
14 79 12
14 83 2
15 11 19
15 22 2
15 32 24
15 42 11
15 50 9
15 64 6
15 67 24
15 70 10
15 74 20
15 77 11
15 79 18
15 90 3
15 93 12
15 95 5
16 3 12
16 5 22
16 13 6
16 39 0
16 45 17
16 46 17
16 56 4
16 58 0
17 1 23
17 6 17
17 9 17
17 10 17
17 11 14
17 15 25
17 27 12
17 28 20
17 42 22
17 48 23
17 62 13
17 79 24
17 93 16
17 94 3
18 23 16
18 34 18
18 38 3
18 51 2
18 63 16
18 73 9
18 78 18
18 89 19
19 1 20
19 4 17
19 7 25
19 17 4
19 43 16
19 78 16
19 86 6
19 88 9
20 4 24
20 22 21
20 28 2
20 57 17
20 61 2
20 63 8
20 73 4
20 84 24
20 91 7
21 1 25
21 3 24
21 9 16
21 12 24
21 19 8
21 40 24
21 44 4
21 81 9
21 91 10
22 5 5
22 14 12
22 15 18
22 16 20
22 17 18
22 32 11
22 36 24
22 37 2
22 41 17
22 50 8
22 54 25
22 61 16
22 65 11
22 66 19
22 69 7
22 78 16
22 91 22
22 94 5
23 1 5
23 4 14
23 13 4
23 16 21
23 19 7
23 28 4
23 31 18
23 41 23
23 45 23
23 50 5
23 68 3
23 75 23
24 6 20
24 11 13
24 23 0
24 28 10
24 36 0
24 40 4
24 48 20
24 53 6
24 66 18
24 76 15
24 98 11
25 1 13
25 3 11
25 6 9
25 18 13
25 19 2
25 31 15
25 48 23
25 57 19
25 62 13
25 85 25
25 93 8
25 97 22
26 7 24
26 11 22
26 12 22
26 13 7
26 17 13
26 23 6
26 28 4
26 30 2
26 42 9
26 69 18
26 83 12
26 95 21
27 40 25
27 59 8
27 70 6
27 76 5
27 96 24
28 12 23
28 17 0
28 18 19
28 29 14
28 32 19
28 33 7
28 46 9
28 48 21
28 64 22
28 72 1
28 81 0
28 95 12
28 97 12
29 1 21
29 7 9
29 13 18
29 20 18
29 44 15
29 52 24
29 69 9
29 73 18
29 77 4
29 89 24
29 93 3
30 8 13
30 12 1
30 16 7
30 18 6
30 21 1
30 25 18
30 49 20
30 67 22
30 74 1
30 80 16
30 93 2
31 5 22
31 7 22
31 19 17
31 23 17
31 63 22
31 73 2
32 0 1
32 10 4
32 47 0
32 61 4
32 70 10
32 76 12
32 77 14
32 82 11
32 98 3
33 4 20
33 8 3
33 12 24
33 13 14
33 23 24
33 26 24
33 39 13
33 53 7
33 58 3
33 69 15
33 87 5
33 91 21
33 97 11
33 99 0
34 12 17
34 16 4
34 18 22
34 19 1
34 31 14
34 39 1
34 44 5
34 48 0
34 57 18
34 76 5
34 82 1
34 84 24
34 98 18
35 3 5
35 10 15
35 15 4
35 19 17
35 36 8
35 43 13
35 46 3
35 47 9
35 55 1
35 61 4
35 83 6
35 88 11
36 20 1
36 22 4
36 23 1
36 50 18
36 62 9
36 66 7
36 72 25
36 73 0
36 75 15
36 84 13
36 97 9
37 0 2
37 14 4
37 15 10
37 31 11
37 39 17
37 40 7
37 59 3
37 61 3
38 1 4
38 3 15
38 26 8
38 34 6
38 49 18
38 50 18
38 52 22
38 54 3
38 57 6
38 78 8
38 87 17
38 98 25
39 13 15
39 15 1
39 35 19
39 62 3
39 64 22
39 81 3
39 99 9
40 14 10
40 17 8
40 20 9
40 28 19
40 50 13
40 71 5
40 73 23
40 83 23
40 92 5
41 15 2
41 52 10
41 68 12
41 72 0
41 86 13
41 91 0
41 93 20
42 9 17
42 10 5
42 12 21
42 13 24
42 30 16
42 36 8
42 46 18
42 51 3
42 53 3
42 66 22
42 89 6
42 91 2
43 3 10
43 4 5
43 5 6
43 8 14
43 13 24
43 19 10
43 28 10
43 39 10
43 46 8
43 50 14
43 53 24
43 60 14
43 61 1
43 69 9
43 79 5
44 5 12
44 35 16
44 40 4
44 50 3
44 52 25
44 65 5
44 86 4
44 96 3
44 98 2
45 23 7
45 56 8
45 59 24
45 62 23
45 63 20
45 71 22
45 86 2
45 90 6
45 92 9
46 10 22
46 26 9
46 30 25
46 71 15
46 94 2
47 19 13
47 30 4
47 40 12
47 42 12
47 52 12
47 59 24
47 85 16
47 93 13
48 4 1
48 17 7
48 37 2
48 45 19
48 52 22
48 61 15
48 63 23
48 73 0
48 75 22
48 89 23
48 99 4
49 6 18
49 23 19
49 24 4
49 31 13
49 32 14
49 34 22
49 37 25
49 38 23
49 41 18
49 43 1
49 75 7
49 97 19
50 15 6
50 23 1
50 25 15
50 37 14
50 41 5
50 44 5
50 55 2
50 66 22
50 93 16
50 97 25
51 0 23
51 1 1
51 3 6
51 4 20
51 7 6
51 16 18
51 18 18
51 29 0
51 31 24
51 45 24
51 53 23
51 59 24
51 63 8
51 74 0
51 80 8
51 88 5
51 89 6
51 92 23
51 98 17
51 99 12
52 10 21
52 11 14
52 16 17
52 26 25
52 29 25
52 36 8
52 37 4
52 67 1
52 69 17
52 73 17
52 75 16
52 81 2
52 90 5
53 6 2
53 8 10
53 9 10
53 12 10
53 28 4
53 43 13
53 47 15
53 49 20
53 58 25
53 66 6
53 72 8
53 81 9
53 82 5
53 84 3
54 25 14
54 27 13
54 59 19
54 79 15
54 80 23
54 98 11
55 0 23
55 33 5
55 38 4
55 43 19
55 53 17
55 65 25
55 77 9
55 91 3
55 96 7
56 3 4
56 8 4
56 11 21
56 15 14
56 16 13
56 19 4
56 36 5
56 50 22
56 59 17
56 62 19
56 94 20
57 13 23
57 16 13
57 23 21
57 40 4
57 45 8
57 55 24
57 63 15
57 64 0
57 93 24
58 0 18
58 14 11
58 15 3
58 20 17
58 33 15
58 41 17
58 46 2
58 53 12
58 75 8
58 81 23
58 86 1
58 95 3
59 11 19
59 17 5
59 20 1
59 42 18
59 45 14
59 51 5
59 56 15
59 97 6
60 22 18
60 28 13
60 36 10
60 51 4
60 62 15
60 64 0
60 72 4
60 92 16
60 97 14
61 2 6
61 3 13
61 24 19
61 25 7
61 34 23
61 45 12
61 52 18
61 65 1
61 86 21
61 87 15
62 41 8
62 45 6
62 46 2
62 79 13
62 93 12
62 97 1
63 1 19
63 16 14
63 20 21
63 41 22
63 44 11
63 48 25
63 71 4
63 95 8
64 12 11
64 13 2
64 29 21
64 32 7
64 34 17
64 51 25
64 59 22
64 75 7
64 79 11
64 93 1
65 4 6
65 15 0
65 21 19
65 50 9
65 51 17
65 70 17
65 74 8
65 77 15
65 85 19
66 2 12
66 6 12
66 10 22
66 22 5
66 27 10
66 34 17
66 44 8
66 51 5
66 75 20
66 82 0
66 99 5
67 0 5
67 2 5
67 3 2
67 9 0
67 23 25
67 24 8
67 29 14
67 36 0
67 40 7
67 47 9
67 57 12
67 58 21
67 82 10
67 88 23
67 95 0
67 98 5
68 1 4
68 4 0
68 7 13
68 16 9
68 41 11
68 42 0
68 54 1
68 62 17
68 64 8
68 80 9
68 83 14
69 1 11
69 10 8
69 62 1
69 67 25
69 74 8
69 91 18
69 94 6
70 20 5
70 22 4
70 36 7
70 39 15
70 43 13
70 49 18
70 50 23
70 63 0
70 75 21
70 84 11
70 96 20
71 4 0
71 8 1
71 23 19
71 28 25
71 31 2
71 38 19
71 54 2
71 62 0
71 74 8
71 82 7
71 99 23
72 21 2
72 23 23
72 41 12
72 43 24
72 47 24
72 50 20
72 98 15
72 99 18
73 1 18
73 2 17
73 5 16
73 9 16
73 20 7
73 25 15
73 28 24
73 53 15
73 58 13
73 61 0
73 68 16
73 71 5
74 9 17
74 13 6
74 44 6
74 47 15
74 49 2
74 54 21
74 57 8
74 59 22
74 80 9
74 85 12
74 96 11
75 11 5
75 19 24
75 30 19
75 50 3
75 54 16
75 57 23
75 59 8
75 80 0
75 97 13
76 29 23
76 30 17
76 42 11
76 44 16
76 74 8
76 75 4
76 87 11
76 89 22
76 94 25
76 96 17
77 4 0
77 29 1
77 32 1
77 46 19
77 50 15
77 56 0
77 68 9
77 90 9
77 92 11
77 94 19
77 98 4
78 0 7
78 6 11
78 17 13
78 21 21
78 34 13
78 38 1
78 41 25
78 42 2
78 50 0
78 51 14
78 55 17
78 57 17
78 77 5
78 97 7
79 0 9
79 4 15
79 5 1
79 58 15
79 62 21
79 64 9
79 76 5
79 80 7
79 92 6
79 99 18
80 43 8
80 44 10
80 48 14
80 58 2
80 59 15
80 69 0
80 83 21
80 87 25
80 88 18
80 89 2
80 97 13
81 1 11
81 4 25
81 5 23
81 19 17
81 33 20
81 43 19
81 49 21
81 51 12
81 72 11
81 76 21
81 80 18
81 82 22
81 92 9
82 5 19
82 10 24
82 13 10
82 22 18
82 24 12
82 53 2
82 62 12
82 70 4
82 72 12
82 88 6
82 94 22
82 99 13
83 1 25
83 9 14
83 20 3
83 21 18
83 24 0
83 37 17
83 41 20
83 50 25
83 52 3
83 58 23
83 66 4
83 75 3
83 77 23
83 82 6
83 85 21
83 88 21
84 2 10
84 22 1
84 23 11
84 24 9
84 34 25
84 57 24
84 66 13
84 68 5
84 73 5
84 81 18
84 85 24
84 97 21
85 12 6
85 13 14
85 23 3
85 25 0
85 57 19
85 63 2
85 72 22
85 74 0
85 80 24
85 83 11
86 1 18
86 11 12
86 14 2
86 21 13
86 22 5
86 33 17
86 41 12
86 51 25
86 57 2
86 83 14
86 87 10
86 94 7
87 0 19
87 2 4
87 3 15
87 20 6
87 24 0
87 26 9
87 30 7
87 55 10
87 63 6
87 81 20
87 82 3
88 0 2
88 12 7
88 16 9
88 27 17
88 48 12
88 51 11
88 61 10
88 67 7
88 72 14
88 77 5
88 81 0
88 87 16
88 98 11
89 0 8
89 19 22
89 39 18
89 45 17
89 51 24
89 58 14
89 74 24
89 81 6
89 93 7
89 96 2
90 16 23
90 23 3
90 24 10
90 38 15
90 68 12
90 88 24
91 6 8
91 34 8
91 37 11
91 39 6
91 52 14
91 62 11
91 64 11
91 68 12
91 71 17
91 72 6
91 78 19
91 84 16
92 3 14
92 4 16
92 35 7
92 43 7
92 46 24
92 48 22
92 65 24
92 66 4
92 69 18
92 96 5
93 3 14
93 17 9
93 26 8
93 28 8
93 47 3
93 70 10
94 50 13
94 84 11
94 85 4
94 86 7
94 88 13
94 90 24
95 9 23
95 15 25
95 28 10
95 36 14
95 38 17
95 43 21
95 88 15
95 92 16
96 0 15
96 45 24
96 49 10
96 53 7
96 65 14
96 88 7
96 99 4
97 2 22
97 10 20
97 27 11
97 34 16
97 37 13
97 41 6
97 43 5
97 48 2
97 70 6
97 71 0
97 89 23
97 90 20
98 0 15
98 2 2
98 11 22
98 13 12
98 24 22
98 43 24
98 45 25
98 46 21
98 62 18
98 69 10
98 77 14
98 99 17
99 9 0
99 17 20
99 18 10
99 23 6
99 27 15
99 48 1
99 51 23
99 60 22
99 95 10
